2025-12-28 18:46:45.473602|Testing
2025-12-28 18:46:45.473696|Node 0xccf7a663
2025-12-28 18:46:47.098218|{rssi-5}{relay-2 level- 0}
2025-12-28 18:46:47.100351|{rx-5} 0, 0, 3, 0, 1, 4, 0, 0, 0, 0, 8
2025-12-28 18:46:47.104367|{rssi-5}{relay-2 relay_min-2} 0, 0, 0, 0, 0, 0, 0, 0, 0, -73, -73, -73, -73, 0, 0, 0, 0, 0, 0, 0, 0, 0, 0, 0, 
2025-12-28 18:46:47.114369|{td-5} 0, 0, 0, 0, 0, 0, 0, 0, 0, 20320301, -8920, -17840, -26760, 0, 0, 0, 0, 0, 0, 0, 0, 0, 0, 0, 
2025-12-28 18:46:47.121911|{tx-5} :
2025-12-28 18:46:47.271543|Round 5 over.
2025-12-28 18:46:47.271578|
2025-12-28 18:46:47.284201|{rssi-6}{relay-2 level- 2}
2025-12-28 18:46:47.285693|{rx-6} 0, 0, 11, 0, 2, 16, 0, 0, 0, 0, 8
2025-12-28 18:46:47.291529|{rssi-6}{relay-2 relay_min-2} 111, -73, -73, -73, -73, -73, -73, -73, -73, -73, -73, -73, -73, 111, 111, 111, 111, 111, 111, 111, 111, 111, 111, 111, 
2025-12-28 18:46:47.303978|{td-6} 0, -2914560, -2923480, -2932400, -2941320, -2950240, -2959160, -2968080, -2977000, -23, -8920, -17840, -26760, 0, 0, 0, 0, 0, 0, 0, 0, 0, 0, 0, 
2025-12-28 18:46:47.316790|{tx-6} :MMMAAAAA-AAA...........
2025-12-28 18:46:47.457027|Round 6 over.
2025-12-28 18:46:47.457559|
2025-12-28 18:46:47.470911|{rx-7} 0, 1, 19, 0, 2, 36, 0, 0, 0, 0, 65535
2025-12-28 18:46:47.474704|{rssi-7}{relay-0 relay_min-255} 111, -73, -73, -73, -73, -73, -73, -73, -73, -81, -81, -81, -81, -81, -81, -81, -81, -81, -81, -81, -81, 111, 111, 111, 
2025-12-28 18:46:47.488567|{td-7} 0, -2914560, -2923480, -2932400, -2941320, -2950240, -2959160, -2968080, -2977000, -37, -8957, -17877, -26797, -35717, -44637, -53557, -62477, -71397, -80317, -89237, -98157, 0, 0, 0, 
2025-12-28 18:46:47.506047|{tx-7} :MMMAAAAACAAAAAAAAAAA...
2025-12-28 18:46:47.644612|Round 7 over.
2025-12-28 18:46:47.644676|
2025-12-28 18:46:47.657549|{rssi-8}{relay-2 level- 2}
2025-12-28 18:46:47.659611|{rx-8} 0, 0, 11, 0, 3, 48, 0, 0, 0, 0, 8
2025-12-28 18:46:47.663445|{rssi-8}{relay-2 relay_min-2} 111, -81, -81, -81, -81, -81, -81, -81, -81, -74, -74, -74, -74, 111, 111, 111, 111, 111, 111, 111, 111, 111, 111, 111, 
2025-12-28 18:46:47.677462|{td-8} 0, -2914597, -2923517, -2932437, -2941357, -2950277, -2959197, -2968117, -2977037, -45, -8920, -17840, -26760, 0, 0, 0, 0, 0, 0, 0, 0, 0, 0, 0, 
2025-12-28 18:46:47.689833|{tx-8} :MMMAAAAA-AAA...........
2025-12-28 18:46:47.829993|Round 8 over.
2025-12-28 18:46:47.831840|
2025-12-28 18:46:47.844546|{rssi-9}{relay-2 level- 2}
2025-12-28 18:46:47.846834|{rx-9} 0, 0, 11, 0, 4, 60, 0, 0, 0, 0, 8
2025-12-28 18:46:47.851601|{rssi-9}{relay-2 relay_min-2} 111, -74, -74, -74, -74, -74, -74, -74, -74, -73, -73, -73, -73, 111, 111, 111, 111, 111, 111, 111, 111, 111, 111, 111, 
2025-12-28 18:46:47.864156|{td-9} 0, -2914560, -2923480, -2932400, -2941320, -2950240, -2959160, -2968080, -2977000, -23, -8920, -17840, -26760, 0, 0, 0, 0, 0, 0, 0, 0, 0, 0, 0, 
2025-12-28 18:46:47.876620|{tx-9} :MMMAAAAA-AAA...........
2025-12-28 18:46:48.017342|Round 9 over.
2025-12-28 18:46:48.017546|
2025-12-28 18:46:48.030908|{rx-10} 0, 1, 19, 0, 4, 80, 0, 0, 0, 0, 65535
2025-12-28 18:46:48.035066|{rssi-10}{relay-0 relay_min-255} 111, -73, -73, -73, -73, -73, -73, -73, -73, -70, -70, -70, -70, -70, -70, -70, -70, -70, -70, -70, -70, 111, 111, 111, 
2025-12-28 18:46:48.049165|{td-10} 0, -2914560, -2923480, -2932400, -2941320, -2950240, -2959160, -2968080, -2977000, -19, -8939, -17859, -26779, -35699, -44619, -53539, -62459, -71379, -80299, -89219, -98139, 0, 0, 0, 
2025-12-28 18:46:48.065663|{tx-10} :MMMAAAAACAAAAAAAAAAA...
2025-12-28 18:46:48.203997|Round 10 over.
2025-12-28 18:46:48.204213|
2025-12-28 18:46:48.217554|{rx-11} 0, 0, 20, 0, 4, 100, 0, 0, 0, 0, 65535
2025-12-28 18:46:48.222265|{rssi-11}{relay-0 relay_min-255} 111, -70, -70, -70, -70, -70, -70, -70, -70, -70, -70, -70, -70, -70, -70, -70, -70, -70, -70, -70, -70, 111, 111, 111, 
2025-12-28 18:46:48.236415|{td-11} 0, -2914579, -2923499, -2932419, -2941339, -2950259, -2959179, -2968099, -2977019, -2985939, -2994859, -3003779, -3012699, -3021619, -3030539, -3039459, -3048379, -3057299, -3066219, -3075139, -3084059, 0, 0, 0, 
2025-12-28 18:46:48.254364|{tx-11} :MMMAAAAAAAAAAAAAAAAA...
2025-12-28 18:46:48.390290|Round 11 over.
2025-12-28 18:46:48.390753|
2025-12-28 18:46:48.404163|{rx-12} 0, 0, 20, 0, 4, 120, 0, 0, 0, 0, 65535
2025-12-28 18:46:48.409580|{rssi-12}{relay-0 relay_min-255} 111, -70, -70, -70, -70, -70, -70, -70, -70, -70, -70, -70, -70, -70, -70, -70, -70, -70, -70, -70, -70, 111, 111, 111, 
2025-12-28 18:46:48.422268|{td-12} 0, -5900499, -5909419, -5918339, -5927259, -5936179, -5945099, -5954019, -5962939, -5971859, -5980779, -5989699, -5998619, -6007539, -6016459, -6025379, -6034299, -6043219, -6052139, -6061059, -6069979, 0, 0, 0, 
2025-12-28 18:46:48.440624|{tx-12} :MMMAAAAAAAAAAAAAAAAA...
2025-12-28 18:46:48.576953|Round 12 over.
2025-12-28 18:46:48.577334|
2025-12-28 18:46:48.590687|{rx-13} 0, 0, 20, 0, 4, 140, 0, 0, 0, 0, 65535
2025-12-28 18:46:48.594610|{rssi-13}{relay-0 relay_min-255} 111, -70, -70, -70, -70, -70, -70, -70, -70, -70, -70, -70, -70, -70, -70, -70, -70, -70, -70, -70, -70, 111, 111, 111, 
2025-12-28 18:46:48.608839|{td-13} 0, -8886419, -8895339, -8904259, -8913179, -8922099, -8931019, -8939939, -8948859, -8957779, -8966699, -8975619, -8984539, -8993459, -9002379, -9011299, -9020219, -9029139, -9038059, -9046979, -9055899, 0, 0, 0, 
2025-12-28 18:46:48.628574|{tx-13} :MMMAAAAAAAAAAAAAAAAA...
2025-12-28 18:46:48.763813|Round 13 over.
2025-12-28 18:46:48.764110|
2025-12-28 18:46:48.777684|{rx-14} 0, 0, 20, 0, 4, 160, 0, 0, 0, 0, 65535
2025-12-28 18:46:48.781831|{rssi-14}{relay-0 relay_min-255} 111, -70, -70, -70, -70, -70, -70, -70, -70, -70, -70, -70, -70, -70, -70, -70, -70, -70, -70, -70, -70, 111, 111, 111, 
2025-12-28 18:46:48.795705|{td-14} 0, -11872339, -11881259, -11890179, -11899099, -11908019, -11916939, -11925859, -11934779, -11943699, -11952619, -11961539, -11970459, -11979379, -11988299, -11997219, -12006139, -12015059, -12023979, -12032899, -12041819, 0, 0, 0, 
2025-12-28 18:46:48.815783|{tx-14} :MMMAAAAAAAAAAAAAAAAA...
2025-12-28 18:46:48.950108|Round 14 over.
2025-12-28 18:46:48.951468|
2025-12-28 18:46:48.963998|{rx-15} 0, 0, 20, 0, 4, 180, 0, 0, 0, 0, 65535
2025-12-28 18:46:48.968043|{rssi-15}{relay-0 relay_min-255} 111, -70, -70, -70, -70, -70, -70, -70, -70, -70, -70, -70, -70, -70, -70, -70, -70, -70, -70, -70, -70, 111, 111, 111, 
2025-12-28 18:46:48.982324|{td-15} 0, -14858259, -14867179, -14876099, -14885019, -14893939, -14902859, -14911779, -14920699, -14929619, -14938539, -14947459, -14956379, -14965299, -14974219, -14983139, -14992059, -15000979, -15009899, -15018819, -15027739, 0, 0, 0, 
2025-12-28 18:46:49.003537|{tx-15} :MMMAAAAAAAAAAAAAAAAA...
2025-12-28 18:46:49.137164|Round 15 over.
2025-12-28 18:46:49.137201|
2025-12-28 18:46:49.151085|{rx-16} 0, 0, 20, 0, 4, 200, 0, 0, 0, 0, 65535
2025-12-28 18:46:49.154630|{rssi-16}{relay-0 relay_min-255} 111, -70, -70, -70, -70, -70, -70, -70, -70, -70, -70, -70, -70, -70, -70, -70, -70, -70, -70, -70, -70, 111, 111, 111, 
2025-12-28 18:46:49.168731|{td-16} 0, -17844179, -17853099, -17862019, -17870939, -17879859, -17888779, -17897699, -17906619, -17915539, -17924459, -17933379, -17942299, -17951219, -17960139, -17969059, -17977979, -17986899, -17995819, -18004739, -18013659, 0, 0, 0, 
2025-12-28 18:46:49.189909|{tx-16} :MMMAAAAAAAAAAAAAAAAA...
2025-12-28 18:46:49.323337|Round 16 over.
2025-12-28 18:46:49.324914|
2025-12-28 18:46:49.337300|{rx-17} 0, 0, 20, 0, 4, 220, 0, 0, 0, 0, 65535
2025-12-28 18:46:49.340660|{rssi-17}{relay-0 relay_min-255} 111, -70, -70, -70, -70, -70, -70, -70, -70, -70, -70, -70, -70, -70, -70, -70, -70, -70, -70, -70, -70, 111, 111, 111, 
2025-12-28 18:46:49.355497|{td-17} 0, -20830099, -20839019, -20847939, -20856859, -20865779, -20874699, -20883619, -20892539, -20901459, -20910379, -20919299, -20928219, -20937139, -20946059, -20954979, -20963899, -20972819, -20981739, -20990659, -20999579, 0, 0, 0, 
2025-12-28 18:46:49.376116|{tx-17} :MMMAAAAAAAAAAAAAAAAA...
2025-12-28 18:46:49.510429|Round 17 over.
2025-12-28 18:46:49.510463|
2025-12-28 18:46:49.523819|{rx-18} 0, 0, 20, 0, 4, 240, 0, 0, 0, 0, 65535
2025-12-28 18:46:49.527911|{rssi-18}{relay-0 relay_min-255} 111, -70, -70, -70, -70, -70, -70, -70, -70, -70, -70, -70, -70, -70, -70, -70, -70, -70, -70, -70, -70, 111, 111, 111, 
2025-12-28 18:46:49.542239|{td-18} 0, -23816019, -23824939, -23833859, -23842779, -23851699, -23860619, -23869539, -23878459, -23887379, -23896299, -23905219, -23914139, -23923059, -23931979, -23940899, -23949819, -23958739, -23967659, -23976579, -23985499, 0, 0, 0, 
2025-12-28 18:46:49.563392|{tx-18} :MMMAAAAAAAAAAAAAAAAA...
2025-12-28 18:46:49.697083|Round 18 over.
2025-12-28 18:46:49.697108|
2025-12-28 18:46:49.710769|{rx-19} 0, 0, 20, 0, 4, 260, 0, 0, 0, 0, 65535
2025-12-28 18:46:49.714839|{rssi-19}{relay-0 relay_min-255} 111, -70, -70, -70, -70, -70, -70, -70, -70, -70, -70, -70, -70, -70, -70, -70, -70, -70, -70, -70, -70, 111, 111, 111, 
2025-12-28 18:46:49.729791|{td-19} 0, -26801939, -26810859, -26819779, -26828699, -26837619, -26846539, -26855459, -26864379, -26873299, -26882219, -26891139, -26900059, -26908979, -26917899, -26926819, -26935739, -26944659, -26953579, -26962499, -26971419, 0, 0, 0, 
2025-12-28 18:46:49.748716|{tx-19} :MMMAAAAAAAAAAAAAAAAA...
2025-12-28 18:46:49.882768|Round 19 over.
2025-12-28 18:46:49.883689|
2025-12-28 18:46:49.897236|{rx-20} 0, 0, 20, 0, 4, 280, 0, 0, 0, 0, 65535
2025-12-28 18:46:49.901332|{rssi-20}{relay-0 relay_min-255} 111, -70, -70, -70, -70, -70, -70, -70, -70, -70, -70, -70, -70, -70, -70, -65, -65, -65, -65, -65, -65, 111, 111, 111, 
2025-12-28 18:46:49.915463|{td-20} 0, -29787859, -29796779, -29805699, -29814619, -29823539, -29832459, -29841379, -29850299, -29859219, -29868139, -29877059, -29885979, -29894899, -29903819, 1675, -7245, -16165, -25085, -34005, -42925, 0, 0, 0, 
2025-12-28 18:46:49.933632|{tx-20} :MMMAAAAAAAAAAAAAAAAA...
2025-12-28 18:46:50.070145|Round 20 over.
2025-12-28 18:46:50.070452|
2025-12-28 18:46:50.084094|{rx-21} 0, 0, 20, 0, 4, 300, 0, 0, 0, 0, 65535
2025-12-28 18:46:50.088098|{rssi-21}{relay-0 relay_min-255} 111, -65, -65, -65, -65, -65, -65, -65, -65, -65, -65, -65, -65, -65, -65, -65, -65, -65, -65, -65, -65, 111, 111, 111, 
2025-12-28 18:46:50.102121|{td-21} 0, -2859365, -2868285, -2877205, -2886125, -2895045, -2903965, -2912885, -2921805, -2930725, -2939645, -2948565, -2957485, -2966405, -2975325, -2984245, -2993165, -3002085, -3011005, -3019925, -3028845, 0, 0, 0, 
2025-12-28 18:46:50.120666|{tx-21} :MMMAAAAAAAAAAAAAAAAA...
2025-12-28 18:46:50.256346|Round 21 over.
2025-12-28 18:46:50.256835|
2025-12-28 18:54:45.124499| 